tyre_radius: 0.033
max_steering: 0.5
min_steering: -0.5
tractor_velocity: 0.1
points_per_paths: 12
dist_btw_points: 0.2
lookahead_total_paths: 30
threshold_dist: 0.8
sim_steps: 100
dt: 0.01
duration_time: 1.0797027985254923
erro_percentual: 17.093437428190192
erro_percentual_bezier: 0.028911184678078506
